-8.36440344612323,15.5822353717415
-1.23116890830391,2.27595330064449
